1
2
4
5
6
7
8
9
10
11
12
14
15
16
17
18
19
21
23
24
25
26
28
29
30
31
33
34
38
40
42
43
44
45
48
49
50
53
55
56
57
59
61
62
63
64
65
66
67
68
69
70
73
74
77
82
83
85
87
88
90
94
95
96
98
101
102
104
105
106
107
109
110
111
112
114
117
118
119
120
121
122
123
124
125
126
130
134
135
138
140
141
142
143
146
147
150
151
152
153
154
156
157
158
160
161
162
163
166
167
168
171
175
177
178
179
180
182
184
185
187
188
189
193
194
195
196
197
198
200
201
202
203
205
206
208
209
211
212
213
214
216
219
220
221
222
223
224
225
226
227
228
229
230
232
233
234
235
236
238
239
240
241
242
245
246
247
248
249
250
251
252
253
257
259
261
264
265
267
268
269
270
271
272
273
274
276
278
280
281
285
286
289
290
291
292
293
295
296
297
299
301
302
304
305
308
309
310
312
313
314
315
320
321
322
323
325
326
327
328
329
330
331
332
333
334
335
336
337
339
340
341
343
344
347
349
350
352
353
354
356
358
361
362
364
366
369
370
373
374
375
376
377
379
382
384
387
388
389
392
393
395
397
398
400
401
402
403
404
405
408
409
410
411
414
415
416
418
421
422
424
425
426
432
437
438
439
440
441
442
444
445
446
447
448
449
450
451
452
453
454
455
456
458
459
460
461
462
463
464
465
466
467
469
470
472
474
475
476
478
479
480
481
482
483
484
486
487
489
491
493
494
495
496
497
499
502
503
504
505
507
508
509
510
513
515
519
520
521
523
524
526
527
529
530
531
532
533
535
537
538
541
543
544
545
548
549
550
551
552
554
558
560
561
562
563
564
565
566
567
568
570
572
574
578
579
580
582
583
584
586
588
590
591
592
593
594
595
596
597
599
600
601
602
605
606
607
608
609
613
615
617
618
621
622
624
625
626
628
631
632
639
641
642
643
645
647
648
649
651
652
653
654
655
656
657
658
661
662
664
666
667
668
674
675
676
678
679
680
681
682
683
685
686
687
688
689
690
691
692
693
696
699
703
704
705
707
708
709
713
715
717
720
721
722
725
726
727
728
729
732
733
734
735
737
738
740
741
742
743
745
746
747
748
749
751
752
753
754
756
757
758
759
760
761
763
764
765
767
768
769
770
772
773
774
777
779
780
781
784
785
786
787
788
789
790
791
792
794
795
796
798
799
800
801
803
807
808
809
811
812
813
814
818
819
821
822
823
824
826
828
829
830
831
833
834
835
838
839
840
841
843
844
845
846
847
848
849
850
852
855
857
860
862
863
864
865
866
868
869
870
871
873
874
875
876
877
880
881
882
883
886
887
888
889
891
892
894
895
896
897
899
901
905
906
907
910
911
912
913
914
916
917
918
922
924
925
926
927
928
929
930
931
933
934
935
936
938
939
940
942
944
945
946
947
948
949
950
951
953
954
955
956
957
958
959
962
964
965
966
967
969
970
971
972
975
976
979
980
981
982
983
985
986
987
988
990
991
992
993
996
997
998
999
1002
1003
1005
1007
1008
1011
1013
1016
1017
1018
1020
1023
1024
1025
1028
1029
1031
1032
1033
1034
1035
1036
1037
1039
1040
1042
1043
1045
1046
1048
1050
1051
1052
1053
1057
1058
1059
1060
1061
1062
1063
1066
1068
1069
1070
1071
1072
1074
1075
1076
1077
1078
1079
1081
1082
1083
1086
1087
1088
1089
1090
1091
1095
1096
1098
1099
1100
1103
1105
1106
1108
1112
1113
1115
